Coordinates (in mm) in engineering system:
(x is right, y is up looking from center
of mirror dish, in park position)

pix. id      x            y
------------------------------
   0       0.0000       0.0000
   1      32.7327      37.7964
   2     -16.3663      47.2456
   3     -49.0990       9.4491
   4     -32.7327     -37.7964
   5      16.3663     -47.2456
   6      49.0990      -9.4491
   7      65.4654      75.5929
   8      16.3663      85.0420
   9     -32.7327      94.4911
  10     -65.4654      56.6947
  11     -98.1981      18.8982
  12     -81.8317     -28.3473
  13     -65.4654     -75.5929
  14     -16.3663     -85.0420
  15      32.7327     -94.4911
  16      65.4654     -56.6947
  17      98.1981     -18.8982
  18      81.8317      28.3473
  19      98.1981     113.3893
  20      49.0990     122.8385
  21       0.0000     132.2876
  22     -49.0990     141.7367
  23     -81.8317     103.9402
  24    -114.5644      66.1438
  25    -147.2971      28.3473
  26    -130.9307     -18.8982
  27    -114.5644     -66.1438
  28     -98.1981    -113.3893
  29     -49.0990    -122.8385
  30       0.0000    -132.2876
  31      49.0990    -141.7367
  32      81.8317    -103.9402
  33     114.5644     -66.1438
  34     147.2971     -28.3473
  35     130.9307      18.8982
  36     114.5644      66.1438
  37     130.9307     151.1858
  38      81.8317     160.6349
  39      32.7327     170.0840
  40     -16.3663     179.5331
  41     -65.4654     188.9822
  42     -98.1981     151.1858
  43    -130.9307     113.3893
  44    -163.6634      75.5929
  45    -196.3961      37.7964
  46    -180.0298      -9.4491
  47    -163.6634     -56.6947
  48    -147.2971    -103.9402
  49    -130.9307    -151.1858
  50     -81.8317    -160.6349
  51     -32.7327    -170.0840
  52      16.3663    -179.5331
  53      65.4654    -188.9822
  54      98.1981    -151.1858
  55     130.9307    -113.3893
  56     163.6634     -75.5929
  57     196.3961     -37.7964
  58     180.0298       9.4491
  59     163.6634      56.6947
  60     147.2971     103.9402
  61     163.6634     188.9822
  62     114.5644     198.4313
  63      65.4654     207.8805
  64      16.3663     217.3296
  65     -32.7327     226.7787
  66     -81.8317     236.2278
  67    -114.5644     198.4313
  68    -147.2971     160.6349
  69    -180.0298     122.8385
  70    -212.7624      85.0420
  71    -245.4951      47.2456
  72    -229.1288       0.0000
  73    -212.7624     -47.2456
  74    -196.3961     -94.4911
  75    -180.0298    -141.7367
  76    -163.6634    -188.9822
  77    -114.5644    -198.4313
  78     -65.4654    -207.8805
  79     -16.3663    -217.3296
  80      32.7327    -226.7787
  81      81.8317    -236.2278
  82     114.5644    -198.4313
  83     147.2971    -160.6349
  84     180.0298    -122.8385
  85     212.7624     -85.0420
  86     245.4951     -47.2456
  87     229.1288       0.0000
  88     212.7624      47.2456
  89     196.3961      94.4911
  90     180.0298     141.7367
  91     196.3961     226.7787
  92     147.2971     236.2278
  93      98.1980     245.6769
  94      49.0990     255.1260
  95       0.0000     264.5751
  96     -49.0990     274.0242
  97     -98.1981     283.4734
  98    -130.9307     245.6769
  99    -163.6634     207.8805
 100    -196.3961     170.0840
 101    -229.1288     132.2876
 102    -261.8615      94.4911
 103    -294.5942      56.6947
 104    -278.2278       9.4491
 105    -261.8615     -37.7964
 106    -245.4951     -85.0420
 107    -229.1288    -132.2876
 108    -212.7624    -179.5331
 109    -196.3961    -226.7787
 110    -147.2971    -236.2278
 111     -98.1980    -245.6769
 112     -49.0990    -255.1260
 113       0.0000    -264.5751
 114      49.0990    -274.0242
 115      98.1981    -283.4734
 116     130.9307    -245.6769
 117     163.6634    -207.8805
 118     196.3961    -170.0840
 119     229.1288    -132.2876
 120     261.8615     -94.4911
 121     294.5942     -56.6947
 122     278.2278      -9.4491
 123     261.8615      37.7964
 124     245.4951      85.0420
 125     229.1288     132.2876
 126     212.7624     179.5331
 127     229.1288     264.5751
 128     180.0298     274.0242
 129     130.9307     283.4734
 130      81.8317     292.9225
 131      32.7327     302.3716
 132     -16.3663     311.8207
 133     -65.4654     321.2698
 134    -114.5644     330.7189
 135    -147.2971     292.9225
 136    -180.0298     255.1260
 137    -212.7624     217.3296
 138    -245.4951     179.5331
 139    -278.2278     141.7367
 140    -310.9605     103.9402
 141    -343.6932      66.1438
 142    -327.3268      18.8982
 143    -310.9605     -28.3473
 144    -294.5942     -75.5929
 145    -278.2278    -122.8385
 146    -261.8615    -170.0840
 147    -245.4951    -217.3296
 148    -229.1288    -264.5751
 149    -180.0298    -274.0242
 150    -130.9307    -283.4734
 151     -81.8317    -292.9225
 152     -32.7327    -302.3716
 153      16.3663    -311.8207
 154      65.4654    -321.2698
 155     114.5644    -330.7189
 156     147.2971    -292.9225
 157     180.0298    -255.1260
 158     212.7624    -217.3296
 159     245.4951    -179.5331
 160     278.2278    -141.7367
 161     310.9605    -103.9402
 162     343.6932     -66.1438
 163     327.3268     -18.8982
 164     310.9605      28.3473
 165     294.5942      75.5929
 166     278.2278     122.8385
 167     261.8615     170.0840
 168     245.4951     217.3296
 169     261.8615     302.3716
 170     212.7624     311.8207
 171     163.6634     321.2698
 172     114.5644     330.7189
 173      65.4654     340.1680
 174      16.3663     349.6171
 175     -32.7327     359.0662
 176     -81.8317     368.5154
 177    -130.9307     377.9645
 178    -163.6634     340.1680
 179    -196.3961     302.3716
 180    -229.1288     264.5751
 181    -261.8615     226.7787
 182    -294.5942     188.9822
 183    -327.3268     151.1858
 184    -360.0595     113.3893
 185    -392.7922      75.5929
 186    -376.4259      28.3473
 187    -360.0595     -18.8982
 188    -343.6932     -66.1438
 189    -327.3268    -113.3893
 190    -310.9605    -160.6349
 191    -294.5942    -207.8805
 192    -278.2278    -255.1260
 193    -261.8615    -302.3716
 194    -212.7624    -311.8207
 195    -163.6634    -321.2698
 196    -114.5644    -330.7189
 197     -65.4654    -340.1680
 198     -16.3663    -349.6171
 199      32.7327    -359.0662
 200      81.8317    -368.5154
 201     130.9307    -377.9645
 202     163.6634    -340.1680
 203     196.3961    -302.3716
 204     229.1288    -264.5751
 205     261.8615    -226.7787
 206     294.5942    -188.9822
 207     327.3268    -151.1858
 208     360.0595    -113.3893
 209     392.7922     -75.5929
 210     376.4259     -28.3473
 211     360.0595      18.8982
 212     343.6932      66.1438
 213     327.3268     113.3893
 214     310.9605     160.6349
 215     294.5942     207.8805
 216     278.2278     255.1260
 217     294.5942     340.1680
 218     245.4951     349.6171
 219     196.3961     359.0663
 220     147.2971     368.5154
 221      98.1980     377.9645
 222      49.0990     387.4136
 223       0.0000     396.8627
 224     -49.0990     406.3118
 225     -98.1981     415.7609
 226    -147.2971     425.2100
 227    -180.0298     387.4136
 228    -212.7624     349.6171
 229    -245.4951     311.8207
 230    -278.2278     274.0242
 231    -310.9605     236.2278
 232    -343.6932     198.4313
 233    -376.4259     160.6349
 234    -409.1585     122.8385
 235    -441.8912      85.0420
 236    -425.5249      37.7964
 237    -409.1585      -9.4491
 238    -392.7922     -56.6947
 239    -376.4259    -103.9402
 240    -360.0595    -151.1858
 241    -343.6932    -198.4313
 242    -327.3268    -245.6769
 243    -310.9605    -292.9225
 244    -294.5942    -340.1680
 245    -245.4951    -349.6171
 246    -196.3961    -359.0663
 247    -147.2971    -368.5154
 248     -98.1980    -377.9645
 249     -49.0990    -387.4136
 250       0.0000    -396.8627
 251      49.0990    -406.3118
 252      98.1981    -415.7609
 253     147.2971    -425.2100
 254     180.0298    -387.4136
 255     212.7624    -349.6171
 256     245.4951    -311.8207
 257     278.2278    -274.0242
 258     310.9605    -236.2278
 259     343.6932    -198.4313
 260     376.4259    -160.6349
 261     409.1585    -122.8385
 262     441.8912     -85.0420
 263     425.5249     -37.7964
 264     409.1585       9.4491
 265     392.7922      56.6947
 266     376.4259     103.9402
 267     360.0595     151.1858
 268     343.6932     198.4313
 269     327.3268     245.6769
 270     310.9605     292.9225
 271     327.3268     377.9645
 272     278.2278     387.4136
 273     229.1288     396.8627
 274     180.0298     406.3118
 275     130.9307     415.7609
 276      81.8317     425.2100
 277      32.7327     434.6591
 278     -16.3663     444.1083
 279     -65.4654     453.5574
 280    -114.5644     463.0065
 281    -163.6634     472.4556
 282    -196.3961     434.6591
 283    -229.1288     396.8627
 284    -261.8615     359.0662
 285    -294.5942     321.2698
 286    -327.3268     283.4734
 287    -360.0595     245.6769
 288    -392.7922     207.8805
 289    -425.5249     170.0840
 290    -458.2576     132.2876
 291    -490.9903      94.4911
 292    -474.6239      47.2456
 293    -458.2576       0.0000
 294    -441.8912     -47.2456
 295    -425.5249     -94.4911
 296    -409.1585    -141.7367
 297    -392.7922    -188.9822
 298    -376.4259    -236.2278
 299    -360.0595    -283.4734
 300    -343.6932    -330.7189
 301    -327.3268    -377.9645
 302    -278.2278    -387.4136
 303    -229.1288    -396.8627
 304    -180.0298    -406.3118
 305    -130.9307    -415.7609
 306     -81.8317    -425.2100
 307     -32.7327    -434.6591
 308      16.3663    -444.1083
 309      65.4654    -453.5574
 310     114.5644    -463.0065
 311     163.6634    -472.4556
 312     196.3961    -434.6591
 313     229.1288    -396.8627
 314     261.8615    -359.0662
 315     294.5942    -321.2698
 316     327.3268    -283.4734
 317     360.0595    -245.6769
 318     392.7922    -207.8805
 319     425.5249    -170.0840
 320     458.2576    -132.2876
 321     490.9903     -94.4911
 322     474.6239     -47.2456
 323     458.2576       0.0000
 324     441.8912      47.2456
 325     425.5249      94.4911
 326     409.1585     141.7367
 327     392.7922     188.9822
 328     376.4259     236.2278
 329     360.0595     283.4734
 330     343.6932     330.7189
 331     360.0595     415.7609
 332     310.9605     425.2100
 333     261.8615     434.6591
 334     212.7624     444.1083
 335     163.6634     453.5574
 336     114.5644     463.0065
 337      65.4654     472.4556
 338      16.3663     481.9047
 339     -32.7327     491.3538
 340     -81.8317     500.8029
 341    -130.9307     510.2520
 342    -180.0298     519.7011
 343    -212.7624     481.9047
 344    -245.4951     444.1083
 345    -278.2278     406.3118
 346    -310.9605     368.5154
 347    -343.6932     330.7189
 348    -376.4259     292.9225
 349    -409.1585     255.1260
 350    -441.8912     217.3296
 351    -474.6239     179.5331
 352    -507.3566     141.7367
 353    -540.0893     103.9402
 354    -523.7229      56.6947
 355    -507.3566       9.4491
 356    -490.9903     -37.7964
 357    -474.6239     -85.0420
 358    -458.2576    -132.2876
 359    -441.8912    -179.5331
 360    -425.5249    -226.7787
 361    -409.1585    -274.0242
 362    -392.7922    -321.2698
 363    -376.4259    -368.5154
 364    -360.0595    -415.7609
 365    -310.9605    -425.2100
 366    -261.8615    -434.6591
 367    -212.7624    -444.1083
 368    -163.6634    -453.5574
 369    -114.5644    -463.0065
 370     -65.4654    -472.4556
 371     -16.3663    -481.9047
 372      32.7327    -491.3538
 373      81.8317    -500.8029
 374     130.9307    -510.2520
 375     180.0298    -519.7011
 376     212.7624    -481.9047
 377     245.4951    -444.1083
 378     278.2278    -406.3118
 379     310.9605    -368.5154
 380     343.6932    -330.7189
 381     376.4259    -292.9225
 382     409.1585    -255.1260
 383     441.8912    -217.3296
 384     474.6239    -179.5331
 385     507.3566    -141.7367
 386     540.0893    -103.9402
 387     523.7229     -56.6947
 388     507.3566      -9.4491
 389     490.9903      37.7964
 390     474.6239      85.0420
 391     458.2576     132.2876
 392     441.8912     179.5331
 393     425.5249     226.7787
 394     409.1585     274.0242
 395     392.7922     321.2698
 396     376.4259     368.5154
 397     392.7922     453.5574
 398     343.6932     463.0065
 399     294.5942     472.4556
 400     245.4951     481.9047
 401     196.3961     491.3538
 402     147.2971     500.8029
 403      98.1980     510.2520
 404      49.0990     519.7012
 405       0.0000     529.1503
 406     -49.0990     538.5994
 407     -98.1981     548.0485
 408    -147.2971     557.4976
 409    -196.3961     566.9467
 410    -229.1288     529.1503
 411    -261.8615     491.3538
 412    -294.5942     453.5574
 413    -327.3268     415.7609
 414    -360.0595     377.9645
 415    -392.7922     340.1680
 416    -425.5249     302.3716
 417    -458.2576     264.5751
 418    -490.9903     226.7787
 419    -523.7229     188.9822
 420    -556.4556     151.1858
 421    -589.1883     113.3893
 422    -572.8220      66.1438
 423    -556.4556      18.8982
 424    -540.0893     -28.3473
 425    -523.7229     -75.5929
 426    -507.3566    -122.8385
 427    -490.9903    -170.0840
 428    -474.6239    -217.3296
 429    -458.2576    -264.5751
 430    -441.8912    -311.8207
 431    -425.5249    -359.0663
 432    -409.1585    -406.3118
 433    -392.7922    -453.5574
 434    -343.6932    -463.0065
 435    -294.5942    -472.4556
 436    -245.4951    -481.9047
 437    -196.3961    -491.3538
 438    -147.2971    -500.8029
 439     -98.1980    -510.2520
 440     -49.0990    -519.7012
 441       0.0000    -529.1503
 442      49.0990    -538.5994
 443      98.1981    -548.0485
 444     147.2971    -557.4976
 445     196.3961    -566.9467
 446     229.1288    -529.1503
 447     261.8615    -491.3538
 448     294.5942    -453.5574
 449     327.3268    -415.7609
 450     360.0595    -377.9645
 451     392.7922    -340.1680
 452     425.5249    -302.3716
 453     458.2576    -264.5751
 454     490.9903    -226.7787
 455     523.7229    -188.9822
 456     556.4556    -151.1858
 457     589.1883    -113.3893
 458     572.8220     -66.1438
 459     556.4556     -18.8982
 460     540.0893      28.3473
 461     523.7229      75.5929
 462     507.3566     122.8385
 463     490.9903     170.0840
 464     474.6239     217.3296
 465     458.2576     264.5751
 466     441.8912     311.8207
 467     425.5249     359.0663
 468     409.1585     406.3118
 469     425.5249     491.3538
 470     376.4259     500.8029
 471     327.3268     510.2520
 472     278.2278     519.7012
 473     229.1288     529.1503
 474     180.0298     538.5994
 475     130.9307     548.0485
 476      81.8317     557.4976
 477      32.7327     566.9467
 478     -16.3663     576.3958
 479     -65.4654     585.8449
 480    -114.5644     595.2940
 481    -163.6634     604.7432
 482    -212.7624     614.1923
 483    -245.4951     576.3958
 484    -278.2278     538.5994
 485    -310.9605     500.8029
 486    -343.6932     463.0065
 487    -376.4259     425.2100
 488    -409.1585     387.4136
 489    -441.8912     349.6171
 490    -474.6239     311.8207
 491    -507.3566     274.0242
 492    -540.0893     236.2278
 493    -572.8220     198.4313
 494    -605.5546     160.6349
 495    -638.2873     122.8385
 496    -621.9210      75.5929
 497    -605.5546      28.3473
 498    -589.1883     -18.8982
 499    -572.8220     -66.1438
 500    -556.4556    -113.3893
 501    -540.0893    -160.6349
 502    -523.7229    -207.8805
 503    -507.3566    -255.1260
 504    -490.9903    -302.3716
 505    -474.6239    -349.6171
 506    -458.2576    -396.8627
 507    -441.8912    -444.1083
 508    -425.5249    -491.3538
 509    -376.4259    -500.8029
 510    -327.3268    -510.2520
 511    -278.2278    -519.7012
 512    -229.1288    -529.1503
 513    -180.0298    -538.5994
 514    -130.9307    -548.0485
 515     -81.8317    -557.4976
 516     -32.7327    -566.9467
 517      16.3663    -576.3958
 518      65.4654    -585.8449
 519     114.5644    -595.2940
 520     163.6634    -604.7432
 521     212.7624    -614.1923
 522     245.4951    -576.3958
 523     278.2278    -538.5994
 524     310.9605    -500.8029
 525     343.6932    -463.0065
 526     376.4259    -425.2100
 527     409.1585    -387.4136
 528     441.8912    -349.6171
 529     474.6239    -311.8207
 530     507.3566    -274.0242
 531     540.0893    -236.2278
 532     572.8220    -198.4313
 533     605.5546    -160.6349
 534     638.2873    -122.8385
 535     621.9210     -75.5929
 536     605.5546     -28.3473
 537     589.1883      18.8982
 538     572.8220      66.1438
 539     556.4556     113.3893
 540     540.0893     160.6349
 541     523.7229     207.8805
 542     507.3566     255.1260
 543     490.9903     302.3716
 544     474.6239     349.6171
 545     458.2576     396.8627
 546     441.8912     444.1083
 547     458.2576     529.1503
 548     409.1585     538.5994
 549     360.0595     548.0485
 550     310.9605     557.4976
 551     261.8615     566.9467
 552     212.7624     576.3958
 553     163.6634     585.8449
 554     114.5644     595.2940
 555      65.4654     604.7432
 556      16.3663     614.1923
 557     -32.7327     623.6414
 558     -81.8317     633.0905
 559    -130.9307     642.5396
 560    -180.0298     651.9887
 561    -229.1288     661.4378
 562    -261.8615     623.6414
 563    -294.5942     585.8449
 564    -327.3268     548.0485
 565    -360.0595     510.2520
 566    -392.7922     472.4556
 567    -425.5249     434.6591
 568    -458.2576     396.8627
 569    -490.9903     359.0662
 570    -523.7229     321.2698
 571    -556.4556     283.4734
 572    -589.1883     245.6769
 573    -621.9210     207.8805
 574    -654.6537     170.0840
 575    -687.3864     132.2876
 576    -671.0200      85.0420
 577    -654.6537      37.7964
 578    -638.2873      -9.4491
 579    -621.9210     -56.6947
 580    -605.5546    -103.9402
 581    -589.1883    -151.1858
 582    -572.8220    -198.4314
 583    -556.4556    -245.6769
 584    -540.0893    -292.9225
 585    -523.7229    -340.1680
 586    -507.3566    -387.4136
 587    -490.9903    -434.6591
 588    -474.6239    -481.9047
 589    -458.2576    -529.1503
 590    -409.1585    -538.5994
 591    -360.0595    -548.0485
 592    -310.9605    -557.4976
 593    -261.8615    -566.9467
 594    -212.7624    -576.3958
 595    -163.6634    -585.8449
 596    -114.5644    -595.2940
 597     -65.4654    -604.7432
 598     -16.3663    -614.1923
 599      32.7327    -623.6414
 600      81.8317    -633.0905
 601     130.9307    -642.5396
 602     180.0298    -651.9887
 603     229.1288    -661.4378
 604     261.8615    -623.6414
 605     294.5942    -585.8449
 606     327.3268    -548.0485
 607     360.0595    -510.2520
 608     392.7922    -472.4556
 609     425.5249    -434.6591
 610     458.2576    -396.8627
 611     490.9903    -359.0662
 612     523.7229    -321.2698
 613     556.4556    -283.4734
 614     589.1883    -245.6769
 615     621.9210    -207.8805
 616     654.6537    -170.0840
 617     687.3864    -132.2876
 618     671.0200     -85.0420
 619     654.6537     -37.7964
 620     638.2873       9.4491
 621     621.9210      56.6947
 622     605.5546     103.9402
 623     589.1883     151.1858
 624     572.8220     198.4314
 625     556.4556     245.6769
 626     540.0893     292.9225
 627     523.7229     340.1680
 628     507.3566     387.4136
 629     490.9903     434.6591
 630     474.6239     481.9047
 631     490.9903     566.9467
 632     441.8912     576.3958
 633     392.7922     585.8449
 634     343.6932     595.2940
 635     294.5941     604.7432
 636     245.4951     614.1923
 637     196.3961     623.6414
 638     147.2971     633.0905
 639      98.1980     642.5396
 640      49.0990     651.9887
 641       0.0000     661.4378
 642     -49.0990     670.8869
 643     -98.1981     680.3361
 644    -147.2971     689.7852
 645    -196.3961     699.2343
 646    -245.4951     708.6834
 647    -278.2278     670.8869
 648    -310.9605     633.0905
 649    -343.6932     595.2940
 650    -376.4259     557.4976
 651    -409.1585     519.7011
 652    -441.8912     481.9047
 653    -474.6239     444.1083
 654    -507.3566     406.3118
 655    -540.0893     368.5154
 656    -572.8220     330.7189
 657    -605.5546     292.9225
 658    -638.2873     255.1260
 659    -671.0200     217.3296
 660    -703.7527     179.5331
 661    -736.4854     141.7367
 662    -720.1190      94.4911
 663    -703.7527      47.2456
 664    -687.3864       0.0000
 665    -671.0200     -47.2456
 666    -654.6537     -94.4911
 667    -638.2873    -141.7367
 668    -621.9210    -188.9822
 669    -605.5546    -236.2278
 670    -589.1883    -283.4734
 671    -572.8220    -330.7189
 672    -556.4556    -377.9645
 673    -540.0893    -425.2100
 674    -523.7229    -472.4556
 675    -507.3566    -519.7012
 676    -490.9903    -566.9467
 677    -441.8912    -576.3958
 678    -392.7922    -585.8449
 679    -343.6932    -595.2940
 680    -294.5941    -604.7432
 681    -245.4951    -614.1923
 682    -196.3961    -623.6414
 683    -147.2971    -633.0905
 684     -98.1980    -642.5396
 685     -49.0990    -651.9887
 686       0.0000    -661.4378
 687      49.0990    -670.8869
 688      98.1981    -680.3361
 689     147.2971    -689.7852
 690     196.3961    -699.2343
 691     245.4951    -708.6834
 692     278.2278    -670.8869
 693     310.9605    -633.0905
 694     343.6932    -595.2940
 695     376.4259    -557.4976
 696     409.1585    -519.7011
 697     441.8912    -481.9047
 698     474.6239    -444.1083
 699     507.3566    -406.3118
 700     540.0893    -368.5154
 701     572.8220    -330.7189
 702     605.5546    -292.9225
 703     638.2873    -255.1260
 704     671.0200    -217.3296
 705     703.7527    -179.5331
 706     736.4854    -141.7367
 707     720.1190     -94.4911
 708     703.7527     -47.2456
 709     687.3864       0.0000
 710     671.0200      47.2456
 711     654.6537      94.4911
 712     638.2873     141.7367
 713     621.9210     188.9822
 714     605.5546     236.2278
 715     589.1883     283.4734
 716     572.8220     330.7189
 717     556.4556     377.9645
 718     540.0893     425.2100
 719     523.7229     472.4556
 720     507.3566     519.7012
 721     523.7229     604.7432
 722     474.6239     614.1923
 723     425.5249     623.6414
 724     376.4259     633.0905
 725     327.3268     642.5396
 726     278.2278     651.9887
 727     229.1288     661.4378
 728     180.0298     670.8869
 729     130.9307     680.3361
 730      81.8317     689.7852
 731      32.7327     699.2343
 732     -16.3663     708.6834
 733     -65.4654     718.1325
 734    -114.5644     727.5816
 735    -163.6634     737.0307
 736    -212.7624     746.4798
 737    -261.8615     755.9289
 738    -294.5942     718.1325
 739    -327.3268     680.3361
 740    -360.0595     642.5396
 741    -392.7922     604.7432
 742    -425.5249     566.9467
 743    -458.2576     529.1503
 744    -490.9903     491.3538
 745    -523.7229     453.5574
 746    -556.4556     415.7609
 747    -589.1883     377.9645
 748    -621.9210     340.1680
 749    -654.6537     302.3716
 750    -687.3864     264.5751
 751    -720.1190     226.7787
 752    -752.8517     188.9822
 753    -785.5844     151.1858
 754    -769.2181     103.9402
 755    -752.8517      56.6947
 756    -736.4854       9.4491
 757    -720.1190     -37.7965
 758    -703.7527     -85.0420
 759    -687.3864    -132.2876
 760    -671.0200    -179.5331
 761    -654.6537    -226.7787
 762    -638.2873    -274.0242
 763    -621.9210    -321.2698
 764    -605.5546    -368.5154
 765    -589.1883    -415.7609
 766    -572.8220    -463.0065
 767    -556.4556    -510.2520
 768    -540.0893    -557.4976
 769    -523.7229    -604.7432
 770    -474.6239    -614.1923
 771    -425.5249    -623.6414
 772    -376.4259    -633.0905
 773    -327.3268    -642.5396
 774    -278.2278    -651.9887
 775    -229.1288    -661.4378
 776    -180.0298    -670.8869
 777    -130.9307    -680.3361
 778     -81.8317    -689.7852
 779     -32.7327    -699.2343
 780      16.3663    -708.6834
 781      65.4654    -718.1325
 782     114.5644    -727.5816
 783     163.6634    -737.0307
 784     212.7624    -746.4798
 785     261.8615    -755.9289
 786     294.5942    -718.1325
 787     327.3268    -680.3361
 788     360.0595    -642.5396
 789     392.7922    -604.7432
 790     425.5249    -566.9467
 791     458.2576    -529.1503
 792     490.9903    -491.3538
 793     523.7229    -453.5574
 794     556.4556    -415.7609
 795     589.1883    -377.9645
 796     621.9210    -340.1680
 797     654.6537    -302.3716
 798     687.3864    -264.5751
 799     720.1190    -226.7787
 800     752.8517    -188.9822
 801     785.5844    -151.1858
 802     769.2181    -103.9402
 803     752.8517     -56.6947
 804     736.4854      -9.4491
 805     720.1190      37.7965
 806     703.7527      85.0420
 807     687.3864     132.2876
 808     671.0200     179.5331
 809     654.6537     226.7787
 810     638.2873     274.0242
 811     621.9210     321.2698
 812     605.5546     368.5154
 813     589.1883     415.7609
 814     572.8220     463.0065
 815     556.4556     510.2520
 816     540.0893     557.4976
 817     556.4556     642.5396
 818     507.3566     651.9887
 819     458.2576     661.4378
 820     409.1585     670.8869
 821     360.0595     680.3361
 822     310.9605     689.7852
 823     261.8615     699.2343
 824     212.7624     708.6834
 825     163.6634     718.1325
 826     114.5644     727.5816
 827      65.4654     737.0307
 828      16.3663     746.4798
 829     -32.7327     755.9289
 830     -81.8317     765.3781
 831    -130.9307     774.8272
 832    -180.0298     784.2763
 833    -229.1288     793.7254
 834    -278.2278     803.1745
 835    -310.9605     765.3781
 836    -343.6932     727.5816
 837    -376.4259     689.7852
 838    -409.1585     651.9887
 839    -441.8912     614.1923
 840    -474.6239     576.3958
 841    -507.3566     538.5994
 842    -540.0893     500.8029
 843    -572.8220     463.0065
 844    -605.5546     425.2100
 845    -638.2873     387.4136
 846    -671.0200     349.6171
 847    -703.7527     311.8207
 848    -736.4854     274.0242
 849    -769.2181     236.2278
 850    -801.9507     198.4313
 851    -834.6834     160.6349
 852    -818.3171     113.3893
 853    -801.9507      66.1438
 854    -785.5844      18.8982
 855    -769.2181     -28.3473
 856    -752.8517     -75.5929
 857    -736.4854    -122.8385
 858    -720.1190    -170.0840
 859    -703.7527    -217.3296
 860    -687.3864    -264.5751
 861    -671.0200    -311.8207
 862    -654.6537    -359.0663
 863    -638.2873    -406.3118
 864    -621.9210    -453.5574
 865    -605.5546    -500.8029
 866    -589.1883    -548.0485
 867    -572.8220    -595.2940
 868    -556.4556    -642.5396
 869    -507.3566    -651.9887
 870    -458.2576    -661.4378
 871    -409.1585    -670.8869
 872    -360.0595    -680.3361
 873    -310.9605    -689.7852
 874    -261.8615    -699.2343
 875    -212.7624    -708.6834
 876    -163.6634    -718.1325
 877    -114.5644    -727.5816
 878     -65.4654    -737.0307
 879     -16.3663    -746.4798
 880      32.7327    -755.9289
 881      81.8317    -765.3781
 882     130.9307    -774.8272
 883     180.0298    -784.2763
 884     229.1288    -793.7254
 885     278.2278    -803.1745
 886     310.9605    -765.3781
 887     343.6932    -727.5816
 888     376.4259    -689.7852
 889     409.1585    -651.9887
 890     441.8912    -614.1923
 891     474.6239    -576.3958
 892     507.3566    -538.5994
 893     540.0893    -500.8029
 894     572.8220    -463.0065
 895     605.5546    -425.2100
 896     638.2873    -387.4136
 897     671.0200    -349.6171
 898     703.7527    -311.8207
 899     736.4854    -274.0242
 900     769.2181    -236.2278
 901     801.9507    -198.4313
 902     834.6834    -160.6349
 903     818.3171    -113.3893
 904     801.9507     -66.1438
 905     785.5844     -18.8982
 906     769.2181      28.3473
 907     752.8517      75.5929
 908     736.4854     122.8385
 909     720.1190     170.0840
 910     703.7527     217.3296
 911     687.3864     264.5751
 912     671.0200     311.8207
 913     654.6537     359.0663
 914     638.2873     406.3118
 915     621.9210     453.5574
 916     605.5546     500.8029
 917     589.1883     548.0485
 918     572.8220     595.2940
 919     589.1883     680.3361
 920     540.0893     689.7852
 921     490.9903     699.2343
 922     441.8912     708.6834
 923     392.7922     718.1325
 924     343.6932     727.5816
 925     294.5941     737.0307
 926     245.4951     746.4798
 927     196.3961     755.9289
 928     147.2971     765.3781
 929      98.1980     774.8272
 930      49.0990     784.2763
 931       0.0000     793.7254
 932     -49.0990     803.1745
 933     -98.1981     812.6236
 934    -147.2971     822.0727
 935    -196.3961     831.5218
 936    -245.4951     840.9710
 937    -294.5942     850.4201
 938    -327.3268     812.6236
 939    -360.0595     774.8272
 940    -392.7922     737.0307
 941    -425.5249     699.2343
 942    -458.2576     661.4378
 943    -490.9903     623.6414
 944    -523.7229     585.8449
 945    -556.4556     548.0485
 946    -589.1883     510.2520
 947    -621.9210     472.4556
 948    -654.6537     434.6591
 949    -687.3864     396.8627
 950    -720.1190     359.0662
 951    -752.8517     321.2698
 952    -785.5844     283.4734
 953    -818.3171     245.6769
 954    -851.0498     207.8805
 955    -883.7825     170.0840
 956    -867.4161     122.8385
 957    -851.0498      75.5929
 958    -834.6834      28.3473
 959    -818.3171     -18.8982
 960    -801.9507     -66.1438
 961    -785.5844    -113.3893
 962    -769.2181    -160.6349
 963    -752.8517    -207.8805
 964    -736.4854    -255.1260
 965    -720.1190    -302.3716
 966    -703.7527    -349.6171
 967    -687.3864    -396.8627
 968    -671.0200    -444.1083
 969    -654.6537    -491.3538
 970    -638.2873    -538.5994
 971    -621.9210    -585.8449
 972    -605.5546    -633.0905
 973    -589.1883    -680.3361
 974    -540.0893    -689.7852
 975    -490.9903    -699.2343
 976    -441.8912    -708.6834
 977    -392.7922    -718.1325
 978    -343.6932    -727.5816
 979    -294.5941    -737.0307
 980    -245.4951    -746.4798
 981    -196.3961    -755.9289
 982    -147.2971    -765.3781
 983     -98.1980    -774.8272
 984     -49.0990    -784.2763
 985       0.0000    -793.7254
 986      49.0990    -803.1745
 987      98.1981    -812.6236
 988     147.2971    -822.0727
 989     196.3961    -831.5218
 990     245.4951    -840.9710
 991     294.5942    -850.4201
 992     327.3268    -812.6236
 993     360.0595    -774.8272
 994     392.7922    -737.0307
 995     425.5249    -699.2343
 996     458.2576    -661.4378
 997     490.9903    -623.6414
 998     523.7229    -585.8449
 999     556.4556    -548.0485
1000     589.1883    -510.2520
1001     621.9210    -472.4556
1002     654.6537    -434.6591
1003     687.3864    -396.8627
1004     720.1190    -359.0662
1005     752.8517    -321.2698
1006     785.5844    -283.4734
1007     818.3171    -245.6769
1008     851.0498    -207.8805
1009     883.7825    -170.0840
1010     867.4161    -122.8385
1011     851.0498     -75.5929
1012     834.6834     -28.3473
1013     818.3171      18.8982
1014     801.9507      66.1438
1015     785.5844     113.3893
1016     769.2181     160.6349
1017     752.8517     207.8805
1018     736.4854     255.1260
1019     720.1190     302.3716
1020     703.7527     349.6171
1021     687.3864     396.8627
1022     671.0200     444.1083
1023     654.6537     491.3538
1024     638.2873     538.5994
1025     621.9210     585.8449
1026     605.5546     633.0905
1027     621.9210     718.1325
1028     572.8220     727.5816
1029     523.7229     737.0307
1030     474.6239     746.4798
1031     425.5249     755.9289
1032     376.4259     765.3781
1033     327.3268     774.8272
1034     278.2278     784.2763
1035     229.1288     793.7254
1036     180.0298     803.1745
1037     130.9307     812.6236
1038      81.8317     822.0727
1039      32.7327     831.5218
1040     -16.3663     840.9710
1041     -65.4654     850.4201
1042    -114.5644     859.8692
1043    -163.6634     869.3183
1044    -212.7624     878.7674
1045    -261.8615     888.2165
1046    -310.9605     897.6656
1047    -343.6932     859.8692
1048    -376.4259     822.0727
1049    -409.1585     784.2763
1050    -441.8912     746.4798
1051    -474.6239     708.6834
1052    -507.3566     670.8869
1053    -540.0893     633.0905
1054    -572.8220     595.2940
1055    -605.5546     557.4976
1056    -638.2873     519.7011
1057    -671.0200     481.9047
1058    -703.7527     444.1083
1059    -736.4854     406.3118
1060    -769.2181     368.5154
1061    -801.9507     330.7189
1062    -834.6834     292.9225
1063    -867.4161     255.1260
1064    -900.1488     217.3296
1065    -932.8815     179.5331
1066    -916.5151     132.2876
1067    -900.1488      85.0420
1068    -883.7825      37.7964
1069    -867.4161      -9.4491
1070    -851.0498     -56.6947
1071    -834.6834    -103.9402
1072    -818.3171    -151.1858
1073    -801.9507    -198.4314
1074    -785.5844    -245.6769
1075    -769.2181    -292.9225
1076    -752.8517    -340.1680
1077    -736.4854    -387.4136
1078    -720.1190    -434.6591
1079    -703.7527    -481.9047
1080    -687.3864    -529.1503
1081    -671.0200    -576.3958
1082    -654.6537    -623.6414
1083    -638.2873    -670.8869
1084    -621.9210    -718.1325
1085    -572.8220    -727.5816
1086    -523.7229    -737.0307
1087    -474.6239    -746.4798
1088    -425.5249    -755.9289
1089    -376.4259    -765.3781
1090    -327.3268    -774.8272
1091    -278.2278    -784.2763
1092    -229.1288    -793.7254
1093    -180.0298    -803.1745
1094    -130.9307    -812.6236
1095     -81.8317    -822.0727
1096     -32.7327    -831.5218
1097      16.3663    -840.9710
1098      65.4654    -850.4201
1099     114.5644    -859.8692
1100     163.6634    -869.3183
1101     212.7624    -878.7674
1102     261.8615    -888.2165
1103     310.9605    -897.6656
1104     343.6932    -859.8692
1105     376.4259    -822.0727
1106     409.1585    -784.2763
1107     441.8912    -746.4798
1108     474.6239    -708.6834
1109     507.3566    -670.8869
1110     540.0893    -633.0905
1111     572.8220    -595.2940
1112     605.5546    -557.4976
1113     638.2873    -519.7011
1114     671.0200    -481.9047
1115     703.7527    -444.1083
1116     736.4854    -406.3118
1117     769.2181    -368.5154
1118     801.9507    -330.7189
1119     834.6834    -292.9225
1120     867.4161    -255.1260
1121     900.1488    -217.3296
1122     932.8815    -179.5331
1123     916.5151    -132.2876
1124     900.1488     -85.0420
1125     883.7825     -37.7964
1126     867.4161       9.4491
1127     851.0498      56.6947
1128     834.6834     103.9402
1129     818.3171     151.1858
1130     801.9507     198.4314
1131     785.5844     245.6769
1132     769.2181     292.9225
1133     752.8517     340.1680
1134     736.4854     387.4136
1135     720.1190     434.6591
1136     703.7527     481.9047
1137     687.3864     529.1503
1138     671.0200     576.3958
1139     654.6537     623.6414
1140     638.2873     670.8869
1141     654.6537     755.9289
1142     605.5546     765.3781
1143     556.4556     774.8272
1144     507.3566     784.2763
1145     458.2576     793.7254
1146     409.1585     803.1745
1147     360.0595     812.6236
1148     310.9605     822.0727
1149     261.8615     831.5218
1150     212.7624     840.9710
1151     163.6634     850.4201
1152     114.5644     859.8692
1153      65.4654     869.3183
1154      16.3663     878.7674
1155     -32.7327     888.2165
1156     -81.8317     897.6656
1157    -130.9307     907.1147
1158    -180.0298     916.5638
1159    -229.1288     926.0130
1160    -278.2278     935.4621
1161    -327.3268     944.9112
1162    -360.0595     907.1147
1163    -392.7922     869.3183
1164    -425.5249     831.5218
1165    -458.2576     793.7254
1166    -490.9903     755.9289
1167    -523.7229     718.1325
1168    -556.4556     680.3360
1169    -589.1883     642.5396
1170    -621.9210     604.7432
1171    -654.6537     566.9467
1172    -687.3864     529.1503
1173    -720.1190     491.3538
1174    -752.8517     453.5574
1175    -785.5844     415.7609
1176    -818.3171     377.9645
1177    -851.0498     340.1680
1178    -883.7825     302.3716
1179    -916.5151     264.5751
1180    -949.2478     226.7787
1181    -981.9805     188.9822
1182    -965.6142     141.7367
1183    -949.2478      94.4911
1184    -932.8815      47.2456
1185    -916.5151       0.0000
1186    -900.1488     -47.2456
1187    -883.7825     -94.4911
1188    -867.4161    -141.7367
1189    -851.0498    -188.9822
1190    -834.6834    -236.2278
1191    -818.3171    -283.4734
1192    -801.9507    -330.7189
1193    -785.5844    -377.9645
1194    -769.2181    -425.2100
1195    -752.8517    -472.4556
1196    -736.4854    -519.7012
1197    -720.1190    -566.9467
1198    -703.7527    -614.1923
1199    -687.3864    -661.4378
1200    -671.0200    -708.6834
1201    -654.6537    -755.9289
1202    -605.5546    -765.3781
1203    -556.4556    -774.8272
1204    -507.3566    -784.2763
1205    -458.2576    -793.7254
1206    -409.1585    -803.1745
1207    -360.0595    -812.6236
1208    -310.9605    -822.0727
1209    -261.8615    -831.5218
1210    -212.7624    -840.9710
1211    -163.6634    -850.4201
1212    -114.5644    -859.8692
1213     -65.4654    -869.3183
1214     -16.3663    -878.7674
1215      32.7327    -888.2165
1216      81.8317    -897.6656
1217     130.9307    -907.1147
1218     180.0298    -916.5638
1219     229.1288    -926.0130
1220     278.2278    -935.4621
1221     327.3268    -944.9112
1222     360.0595    -907.1147
1223     392.7922    -869.3183
1224     425.5249    -831.5218
1225     458.2576    -793.7254
1226     490.9903    -755.9289
1227     523.7229    -718.1325
1228     556.4556    -680.3360
1229     589.1883    -642.5396
1230     621.9210    -604.7432
1231     654.6537    -566.9467
1232     687.3864    -529.1503
1233     720.1190    -491.3538
1234     752.8517    -453.5574
1235     785.5844    -415.7609
1236     818.3171    -377.9645
1237     851.0498    -340.1680
1238     883.7825    -302.3716
1239     916.5151    -264.5751
1240     949.2478    -226.7787
1241     981.9805    -188.9822
1242     965.6142    -141.7367
1243     949.2478     -94.4911
1244     932.8815     -47.2456
1245     916.5151       0.0000
1246     900.1488      47.2456
1247     883.7825      94.4911
1248     867.4161     141.7367
1249     851.0498     188.9822
1250     834.6834     236.2278
1251     818.3171     283.4734
1252     801.9507     330.7189
1253     785.5844     377.9645
1254     769.2181     425.2100
1255     752.8517     472.4556
1256     736.4854     519.7012
1257     720.1190     566.9467
1258     703.7527     614.1923
1259     687.3864     661.4378
1260     671.0200     708.6834
1261     687.3864     793.7254
1262     638.2873     803.1745
1263     589.1883     812.6236
1264     540.0893     822.0727
1265     490.9902     831.5218
1266     441.8912     840.9710
1267     392.7922     850.4201
1268     343.6932     859.8692
1269     294.5941     869.3183
1270     245.4951     878.7674
1271     196.3961     888.2165
1272     147.2971     897.6656
1273      98.1980     907.1147
1274      49.0990     916.5638
1275       0.0000     926.0130
1276     -49.0990     935.4621
1277     -98.1981     944.9112
1278    -147.2971     954.3603
1279    -196.3961     963.8094
1280    -245.4951     973.2585
1281    -294.5942     982.7076
1282    -343.6932     992.1567
1283    -376.4259     954.3603
1284    -409.1585     916.5638
1285    -441.8912     878.7674
1286    -474.6239     840.9710
1287    -507.3566     803.1745
1288    -540.0893     765.3781
1289    -572.8220     727.5816
1290    -605.5546     689.7852
1291    -638.2873     651.9887
1292    -671.0200     614.1923
1293    -703.7527     576.3958
1294    -736.4854     538.5994
1295    -769.2181     500.8029
1296    -801.9507     463.0065
1297    -834.6834     425.2100
1298    -867.4161     387.4136
1299    -900.1488     349.6171
1300    -932.8815     311.8207
1301    -965.6142     274.0242
1302    -998.3468     236.2278
1303   -1031.0795     198.4313
1304   -1014.7132     151.1858
1305    -998.3468     103.9402
1306    -981.9805      56.6947
1307    -965.6142       9.4491
1308    -949.2478     -37.7965
1309    -932.8815     -85.0420
1310    -916.5151    -132.2876
1311    -900.1488    -179.5331
1312    -883.7825    -226.7787
1313    -867.4161    -274.0242
1314    -851.0498    -321.2698
1315    -834.6834    -368.5154
1316    -818.3171    -415.7609
1317    -801.9507    -463.0065
1318    -785.5844    -510.2520
1319    -769.2181    -557.4976
1320    -752.8517    -604.7432
1321    -736.4854    -651.9887
1322    -720.1190    -699.2343
1323    -703.7527    -746.4798
1324    -687.3864    -793.7254
1325    -638.2873    -803.1745
1326    -589.1883    -812.6236
1327    -540.0893    -822.0727
1328    -490.9902    -831.5218
1329    -441.8912    -840.9710
1330    -392.7922    -850.4201
1331    -343.6932    -859.8692
1332    -294.5941    -869.3183
1333    -245.4951    -878.7674
1334    -196.3961    -888.2165
1335    -147.2971    -897.6656
1336     -98.1980    -907.1147
1337     -49.0990    -916.5638
1338       0.0000    -926.0130
1339      49.0990    -935.4621
1340      98.1981    -944.9112
1341     147.2971    -954.3603
1342     196.3961    -963.8094
1343     245.4951    -973.2585
1344     294.5942    -982.7076
1345     343.6932    -992.1567
1346     376.4259    -954.3603
1347     409.1585    -916.5638
1348     441.8912    -878.7674
1349     474.6239    -840.9710
1350     507.3566    -803.1745
1351     540.0893    -765.3781
1352     572.8220    -727.5816
1353     605.5546    -689.7852
1354     638.2873    -651.9887
1355     671.0200    -614.1923
1356     703.7527    -576.3958
1357     736.4854    -538.5994
1358     769.2181    -500.8029
1359     801.9507    -463.0065
1360     834.6834    -425.2100
1361     867.4161    -387.4136
1362     900.1488    -349.6171
1363     932.8815    -311.8207
1364     965.6142    -274.0242
1365     998.3468    -236.2278
1366    1031.0795    -198.4313
1367    1014.7132    -151.1858
1368     998.3468    -103.9402
1369     981.9805     -56.6947
1370     965.6142      -9.4491
1371     949.2478      37.7965
1372     932.8815      85.0420
1373     916.5151     132.2876
1374     900.1488     179.5331
1375     883.7825     226.7787
1376     867.4161     274.0242
1377     851.0498     321.2698
1378     834.6834     368.5154
1379     818.3171     415.7609
1380     801.9507     463.0065
1381     785.5844     510.2520
1382     769.2181     557.4976
1383     752.8517     604.7432
1384     736.4854     651.9887
1385     720.1190     699.2343
1386     703.7527     746.4798
1387     720.1190     831.5218
1388     671.0200     840.9710
1389     621.9210     850.4201
1390     572.8220     859.8692
1391     523.7229     869.3183
1392     474.6239     878.7674
1393     425.5249     888.2165
1394     376.4259     897.6656
1395     327.3268     907.1147
1396     278.2278     916.5638
1397     229.1288     926.0130
1398     180.0298     935.4621
1399     130.9307     944.9112
1400      81.8317     954.3603
1401      32.7327     963.8094
1402     -16.3663     973.2585
1403     -65.4654     982.7076
1404    -114.5644     992.1567
1405    -163.6634    1001.6059
1406    -212.7624    1011.0550
1407    -261.8615    1020.5041
1408    -310.9605    1029.9532
1409    -360.0595    1039.4023
1410    -392.7922    1001.6059
1411    -425.5249     963.8094
1412    -458.2576     926.0130
1413    -490.9903     888.2165
1414    -523.7229     850.4201
1415    -556.4556     812.6236
1416    -589.1883     774.8272
1417    -621.9210     737.0307
1418    -654.6537     699.2343
1419    -687.3864     661.4378
1420    -720.1190     623.6414
1421    -752.8517     585.8449
1422    -785.5844     548.0485
1423    -818.3171     510.2520
1424    -851.0498     472.4556
1425    -883.7825     434.6591
1426    -916.5151     396.8627
1427    -949.2478     359.0662
1428    -981.9805     321.2698
1429   -1014.7132     283.4734
1430   -1047.4459     245.6769
1431   -1080.1786     207.8805
1432   -1063.8122     160.6349
1433   -1047.4459     113.3893
1434   -1031.0795      66.1438
1435   -1014.7132      18.8982
1436    -998.3468     -28.3473
1437    -981.9805     -75.5929
1438    -965.6142    -122.8385
1439    -949.2478    -170.0840
1440    -932.8815    -217.3296
1441    -916.5151    -264.5751
1442    -900.1488    -311.8207
1443    -883.7825    -359.0663
1444    -867.4161    -406.3118
1445    -851.0498    -453.5574
1446    -834.6834    -500.8029
1447    -818.3171    -548.0485
1448    -801.9507    -595.2940
1449    -785.5844    -642.5396
1450    -769.2181    -689.7852
1451    -752.8517    -737.0307
1452    -736.4854    -784.2763
1453    -720.1190    -831.5218
1454    -671.0200    -840.9710
1455    -621.9210    -850.4201
1456    -572.8220    -859.8692
1457    -523.7229    -869.3183
1458    -474.6239    -878.7674
1459    -425.5249    -888.2165
1460    -376.4259    -897.6656
1461    -327.3268    -907.1147
1462    -278.2278    -916.5638
1463    -229.1288    -926.0130
1464    -180.0298    -935.4621
1465    -130.9307    -944.9112
1466     -81.8317    -954.3603
1467     -32.7327    -963.8094
1468      16.3663    -973.2585
1469      65.4654    -982.7076
1470     114.5644    -992.1567
1471     163.6634   -1001.6059
1472     212.7624   -1011.0550
1473     261.8615   -1020.5041
1474     310.9605   -1029.9532
1475     360.0595   -1039.4023
1476     392.7922   -1001.6059
1477     425.5249    -963.8094
1478     458.2576    -926.0130
1479     490.9903    -888.2165
1480     523.7229    -850.4201
1481     556.4556    -812.6236
1482     589.1883    -774.8272
1483     621.9210    -737.0307
1484     654.6537    -699.2343
1485     687.3864    -661.4378
1486     720.1190    -623.6414
1487     752.8517    -585.8449
1488     785.5844    -548.0485
1489     818.3171    -510.2520
1490     851.0498    -472.4556
1491     883.7825    -434.6591
1492     916.5151    -396.8627
1493     949.2478    -359.0662
1494     981.9805    -321.2698
1495    1014.7132    -283.4734
1496    1047.4459    -245.6769
1497    1080.1786    -207.8805
1498    1063.8122    -160.6349
1499    1047.4459    -113.3893
1500    1031.0795     -66.1438
1501    1014.7132     -18.8982
1502     998.3468      28.3473
1503     981.9805      75.5929
1504     965.6142     122.8385
1505     949.2478     170.0840
1506     932.8815     217.3296
1507     916.5151     264.5751
1508     900.1488     311.8207
1509     883.7825     359.0663
1510     867.4161     406.3118
1511     851.0498     453.5574
1512     834.6834     500.8029
1513     818.3171     548.0485
1514     801.9507     595.2940
1515     785.5844     642.5396
1516     769.2181     689.7852
1517     752.8517     737.0307
1518     736.4854     784.2763
1519     605.5546     897.6656
1520     556.4556     907.1147
1521     507.3566     916.5638
1522     458.2576     926.0130
1523     409.1585     935.4621
1524     360.0595     944.9112
1525     310.9605     954.3603
1526     261.8615     963.8094
1527     212.7624     973.2585
1528     163.6634     982.7076
1529     114.5644     992.1567
1530      65.4654    1001.6059
1531      16.3663    1011.0550
1532     -32.7327    1020.5041
1533     -81.8317    1029.9532
1534    -130.9307    1039.4023
1535    -180.0298    1048.8514
1536    -229.1288    1058.3005
1537    -278.2278    1067.7496
1538    -474.6239     973.2585
1539    -507.3566     935.4621
1540    -540.0893     897.6656
1541    -572.8220     859.8692
1542    -605.5546     822.0727
1543    -638.2873     784.2763
1544    -671.0200     746.4798
1545    -703.7527     708.6834
1546    -736.4854     670.8869
1547    -769.2181     633.0905
1548    -801.9507     595.2940
1549    -834.6834     557.4976
1550    -867.4161     519.7011
1551    -900.1488     481.9047
1552    -932.8815     444.1083
1553    -965.6142     406.3118
1554    -998.3468     368.5154
1555   -1031.0795     330.7189
1556   -1063.8122     292.9225
1557   -1080.1786      75.5929
1558   -1063.8122      28.3473
1559   -1047.4459     -18.8982
1560   -1031.0795     -66.1438
1561   -1014.7132    -113.3893
1562    -998.3468    -160.6349
1563    -981.9805    -207.8805
1564    -965.6142    -255.1260
1565    -949.2478    -302.3716
1566    -932.8815    -349.6171
1567    -916.5151    -396.8627
1568    -900.1488    -444.1083
1569    -883.7825    -491.3538
1570    -867.4161    -538.5994
1571    -851.0498    -585.8449
1572    -834.6834    -633.0905
1573    -818.3171    -680.3361
1574    -801.9507    -727.5816
1575    -785.5844    -774.8272
1576    -605.5546    -897.6656
1577    -556.4556    -907.1147
1578    -507.3566    -916.5638
1579    -458.2576    -926.0130
1580    -409.1585    -935.4621
1581    -360.0595    -944.9112
1582    -310.9605    -954.3603
1583    -261.8615    -963.8094
1584    -212.7624    -973.2585
1585    -163.6634    -982.7076
1586    -114.5644    -992.1567
1587     -65.4654   -1001.6059
1588     -16.3663   -1011.0550
1589      32.7327   -1020.5041
1590      81.8317   -1029.9532
1591     130.9307   -1039.4023
1592     180.0298   -1048.8514
1593     229.1288   -1058.3005
1594     278.2278   -1067.7496
1595     474.6239    -973.2585
1596     507.3566    -935.4621
1597     540.0893    -897.6656
1598     572.8220    -859.8692
1599     605.5546    -822.0727
1600     638.2873    -784.2763
1601     671.0200    -746.4798
1602     703.7527    -708.6834
1603     736.4854    -670.8869
1604     769.2181    -633.0905
1605     801.9507    -595.2940
1606     834.6834    -557.4976
1607     867.4161    -519.7011
1608     900.1488    -481.9047
1609     932.8815    -444.1083
1610     965.6142    -406.3118
1611     998.3468    -368.5154
1612    1031.0795    -330.7189
1613    1063.8122    -292.9225
1614    1080.1786     -75.5929
1615    1063.8122     -28.3473
1616    1047.4459      18.8982
1617    1031.0795      66.1438
1618    1014.7132     113.3893
1619     998.3468     160.6349
1620     981.9805     207.8805
1621     965.6142     255.1260
1622     949.2478     302.3716
1623     932.8815     349.6171
1624     916.5151     396.8627
1625     900.1488     444.1083
1626     883.7825     491.3538
1627     867.4161     538.5994
1628     851.0498     585.8449
1629     834.6834     633.0905
1630     818.3171     680.3361
1631     801.9507     727.5816
1632     785.5844     774.8272
1633     490.9902     963.8094
1634     441.8912     973.2585
1635     392.7922     982.7076
1636     343.6932     992.1567
1637     294.5941    1001.6059
1638     245.4951    1011.0550
1639     196.3961    1020.5041
1640     147.2971    1029.9532
1641      98.1980    1039.4023
1642      49.0990    1048.8514
1643       0.0000    1058.3005
1644     -49.0990    1067.7496
1645     -98.1981    1077.1987
1646    -147.2971    1086.6479
1647    -196.3961    1096.0970
1648    -245.4951    1105.5461
1649    -589.1883     907.1147
1650    -621.9210     869.3183
1651    -654.6537     831.5218
1652    -687.3864     793.7254
1653    -720.1190     755.9289
1654    -752.8517     718.1325
1655    -785.5844     680.3360
1656    -818.3171     642.5396
1657    -851.0498     604.7432
1658    -883.7825     566.9467
1659    -916.5151     529.1503
1660    -949.2478     491.3538
1661    -981.9805     453.5574
1662   -1014.7132     415.7609
1663   -1047.4459     377.9645
1664   -1080.1786     340.1680
1665   -1080.1786     -56.6947
1666   -1063.8122    -103.9402
1667   -1047.4459    -151.1858
1668   -1031.0795    -198.4314
1669   -1014.7132    -245.6769
1670    -998.3468    -292.9225
1671    -981.9805    -340.1680
1672    -965.6142    -387.4136
1673    -949.2478    -434.6591
1674    -932.8815    -481.9047
1675    -916.5151    -529.1503
1676    -900.1488    -576.3958
1677    -883.7825    -623.6414
1678    -867.4161    -670.8869
1679    -851.0498    -718.1325
1680    -834.6834    -765.3781
1681    -490.9902    -963.8094
1682    -441.8912    -973.2585
1683    -392.7922    -982.7076
1684    -343.6932    -992.1567
1685    -294.5941   -1001.6059
1686    -245.4951   -1011.0550
1687    -196.3961   -1020.5041
1688    -147.2971   -1029.9532
1689     -98.1980   -1039.4023
1690     -49.0990   -1048.8514
1691       0.0000   -1058.3005
1692      49.0990   -1067.7496
1693      98.1981   -1077.1987
1694     147.2971   -1086.6479
1695     196.3961   -1096.0970
1696     245.4951   -1105.5461
1697     589.1883    -907.1147
1698     621.9210    -869.3183
1699     654.6537    -831.5218
1700     687.3864    -793.7254
1701     720.1190    -755.9289
1702     752.8517    -718.1325
1703     785.5844    -680.3360
1704     818.3171    -642.5396
1705     851.0498    -604.7432
1706     883.7825    -566.9467
1707     916.5151    -529.1503
1708     949.2478    -491.3538
1709     981.9805    -453.5574
1710    1014.7132    -415.7609
1711    1047.4459    -377.9645
1712    1080.1786    -340.1680
1713    1080.1786      56.6947
1714    1063.8122     103.9402
1715    1047.4459     151.1858
1716    1031.0795     198.4314
1717    1014.7132     245.6769
1718     998.3468     292.9225
1719     981.9805     340.1680
1720     965.6142     387.4136
1721     949.2478     434.6591
1722     932.8815     481.9047
1723     916.5151     529.1503
1724     900.1488     576.3958
1725     883.7825     623.6414
1726     867.4161     670.8869
1727     851.0498     718.1325
1728     834.6834     765.3781
1729     376.4259    1029.9532
1730     327.3268    1039.4023
1731     278.2278    1048.8514
1732     229.1288    1058.3005
1733     180.0298    1067.7496
1734     130.9307    1077.1987
1735      81.8317    1086.6479
1736      32.7327    1096.0970
1737     -16.3663    1105.5461
1738     -65.4654    1114.9952
1739    -114.5644    1124.4443
1740    -163.6634    1133.8934
1741    -703.7527     840.9709
1742    -736.4854     803.1745
1743    -769.2181     765.3781
1744    -801.9507     727.5816
1745    -834.6834     689.7852
1746    -867.4161     651.9887
1747    -900.1488     614.1923
1748    -932.8815     576.3958
1749    -965.6142     538.5994
1750    -998.3468     500.8029
1751   -1031.0795     463.0065
1752   -1063.8122     425.2100
1753   -1080.1786    -188.9822
1754   -1063.8122    -236.2278
1755   -1047.4459    -283.4734
1756   -1031.0795    -330.7189
1757   -1014.7132    -377.9645
1758    -998.3468    -425.2100
1759    -981.9805    -472.4556
1760    -965.6142    -519.7012
1761    -949.2478    -566.9467
1762    -932.8815    -614.1923
1763    -916.5151    -661.4378
1764    -900.1488    -708.6834
1765    -376.4259   -1029.9532
1766    -327.3268   -1039.4023
1767    -278.2278   -1048.8514
1768    -229.1288   -1058.3005
1769    -180.0298   -1067.7496
1770    -130.9307   -1077.1987
1771     -81.8317   -1086.6479
1772     -32.7327   -1096.0970
1773      16.3663   -1105.5461
1774      65.4654   -1114.9952
1775     114.5644   -1124.4443
1776     163.6634   -1133.8934
1777     703.7527    -840.9709
1778     736.4854    -803.1745
1779     769.2181    -765.3781
1780     801.9507    -727.5816
1781     834.6834    -689.7852
1782     867.4161    -651.9887
1783     900.1488    -614.1923
1784     932.8815    -576.3958
1785     965.6142    -538.5994
1786     998.3468    -500.8029
1787    1031.0795    -463.0065
1788    1063.8122    -425.2100
1789    1080.1786     188.9822
1790    1063.8122     236.2278
1791    1047.4459     283.4734
1792    1031.0795     330.7189
1793    1014.7132     377.9645
1794     998.3468     425.2100
1795     981.9805     472.4556
1796     965.6142     519.7012
1797     949.2478     566.9467
1798     932.8815     614.1923
1799     916.5151     661.4378
1800     900.1488     708.6834
1801     261.8615    1096.0970
1802     212.7624    1105.5461
1803     163.6634    1114.9952
1804     114.5644    1124.4443
1805      65.4654    1133.8934
1806     -81.8317    1162.2408
1807    -130.9307    1171.6899
1808    -818.3171     774.8272
1809    -851.0498     737.0307
1810    -883.7825     699.2343
1811    -916.5151     661.4378
1812    -949.2478     623.6414
1813   -1047.4459     510.2520
1814   -1080.1786     472.4556
1815   -1080.1786    -321.2698
1816   -1063.8122    -368.5154
1817   -1047.4459    -415.7609
1818   -1031.0795    -463.0065
1819   -1014.7132    -510.2520
1820    -965.6142    -651.9887
1821    -949.2478    -699.2343
1822    -261.8615   -1096.0970
1823    -212.7624   -1105.5461
1824    -163.6634   -1114.9952
1825    -114.5644   -1124.4443
1826     -65.4654   -1133.8934
1827      81.8317   -1162.2408
1828     130.9307   -1171.6899
1829     818.3171    -774.8272
1830     851.0498    -737.0307
1831     883.7825    -699.2343
1832     916.5151    -661.4378
1833     949.2478    -623.6414
1834    1047.4459    -510.2520
1835    1080.1786    -472.4556
1836    1080.1786     321.2698
1837    1063.8122     368.5154
1838    1047.4459     415.7609
1839    1031.0795     463.0065
1840    1014.7132     510.2520
1841     965.6142     651.9887
1842     949.2478     699.2343
1843     147.2971    1162.2408
1844      98.1980    1171.6899
1845    -932.8815     708.6834
1846    -965.6142     670.8869
1847   -1080.1786    -453.5574
1848   -1063.8122    -500.8029
1849    -147.2971   -1162.2408
1850     -98.1980   -1171.6899
1851     932.8815    -708.6834
1852     965.6142    -670.8869
1853    1080.1786     453.5574
1854    1063.8122     500.8029
